0.0339793
0.0342586
0.0333243
0.0344069
0.0338308
0.0353095
0.0380012
0.0349871
0.0343377
0.034704
0.0434675
0.0437242
0.0435072
0.0437035
0.0426807
0.043463
0.0435213
0.0434353
0.0438459
0.0435014
0.0368413
0.0362587
0.0362819
0.0367991
0.0363896
0.0564137
0.0556212
0.055374
0.0563799
0.0563748
0.067906
0.0679132
0.0674322
0.0689027
0.0679133
0.0721036
0.0726867
0.0713769
0.0709348
0.0714689
0.0309117
0.0442013
0.0769447
0.159937
0.0256846
0.0286947
0.0378608
0.058527
0.1032
0.204812
0.0904197
0.0900586
0.0895301
0.0907024
0.0909623
0.0297947
0.0300598
0.0291125
0.0293836
0.0295243
0.158386
0.160275
0.159658
0.159286
0.157603
0.242553
0.245561
0.243077
0.242515
0.244572
0.186803
0.187171
0.187635
0.187269
0.187709
0.292471
0.291838
0.293469
0.291525
0.295449
