0.0868228
0.0407695
0.0378381
0.040166
0.0402527
0.0504488
0.0523613
0.0452595
0.0389741
0.0489206
0.058155
0.0502099
0.0484537
0.0482562
0.0481865
0.0484536
0.0477839
0.0548764
0.0526328
0.0476966
0.0399468
0.0499838
0.041452
0.0408578
0.0417799
0.0623244
0.0698122
0.0673471
0.0611502
0.0624677
0.0745162
0.0746372
0.0865625
0.0796314
0.0828033
0.0821591
0.0838356
0.0780033
0.0825867
0.236872
0.0353206
0.0485852
0.0965625
0.171372
0.0297726
0.0341004
0.0419678
0.0635398
0.113823
0.22593
0.10315
0.103449
0.107739
0.103509
0.102352
0.0566003
0.0364392
0.0333505
0.0334906
0.0342452
0.178222
0.178562
0.170804
0.17735
0.176584
0.399433
0.260663
0.262814
0.265822
0.263347
0.201712
0.497638
0.204782
0.204006
0.200046
0.328228
0.312416
0.314312
0.321102
0.317779
