0.0383821
0.0366696
0.0360062
0.0371544
0.0367959
0.0405521
0.0421957
0.0401988
0.0371121
0.0378075
0.0464815
0.0457779
0.0456733
0.0457917
0.045491
0.0456975
0.0454995
0.0458035
0.0458424
0.0456355
0.0379068
0.0394787
0.0384524
0.0382566
0.0389796
0.0591557
0.0598739
0.0592054
0.0590411
0.0592844
0.0710421
0.0713737
0.0742895
0.0724754
0.0722908
0.0747561
0.0761724
0.074476
0.0752215
0.0820001
0.0330007
0.0460908
0.0815051
0.166787
0.0275634
0.030971
0.0397943
0.0605449
0.107638
0.212503
0.0939664
0.0960116
0.0959849
0.096177
0.094767
0.0320934
0.0321785
0.03109
0.030827
0.0313224
0.166513
0.168153
0.165171
0.1652
0.16721
0.258473
0.250208
0.254014
0.252388
0.252007
0.194519
0.2065
0.195371
0.195814
0.193504
0.311082
0.301286
0.301657
0.30418
0.304097
