16.49999999999998
0.0031
0.0271
0.0000
0.0000
0.0000
0.0228
0.0000
0.0203
0.0000
0.0276
0.0000
0.0677
0.0121
0.0381
0.0000
0.0017
0.0000
0.0150
0.0000
0.0000
0.0248
0.0134
0.0327
0.0000
0.0000
0.0288
0.0072
0.0000
0.0303
0.0000
0.0000
0.0379
0.0000
0.0000
0.0000
0.0000
0.0000
0.0154
0.0474
0.0417
0.0117
0.0442
0.0000
0.0187
0.0156
0.0366
0.0262
0.0979
0.0473
0.0107
0.0555
0.0305
0.0000
0.1026
0.0665
0.0414
0.0366
0.0677
0.0636
0.0470
0.0306
0.0459
0.0176
0.0286
0.0258
0.0421
0.0002
0.0852
0.0433
0.0575
0.0485
0.0260
0.0506
0.1068
0.0454
0.0685
0.0154
0.0708
0.0000
0.0724
0.0258
0.0554
0.0852
0.0294
0.0340
0.0441
0.0023
0.0222
0.0571
0.0935
0.0417
0.0161
0.0551
0.0341
0.0572
0.1074
0.0887
0.0771
0.0476
0.0379
0.0861
0.0344
0.0253
0.0440
0.0000
0.0039
0.0000
0.0408
0.0000
0.0028
0.0614
0.0569
0.0142
0.0985
0.0581
0.0417
0.0404
0.0246
0.0758
0.0000
0.0113
0.0475
0.0396
0.0453
0.0720
0.0276
0.0000
0.0883
0.0549
0.0353
0.0301
0.0351
0.0626
0.0447
0.0000
0.0581
0.0494
0.0866
0.0806
0.0000
0.0661
0.0728
0.0455
0.0342
0.0879
0.0119
0.0103
0.0119
0.0757
0.0608
0.0823
0.0504
0.0284
0.0398
0.0503
0.0731
0.0294
0.0505
0.0345
0.0847
0.0462
0.0317
0.0676
0.0298
0.0734
0.0000
0.0018
0.0000
0.0000
0.0000
0.0088
0.0527
0.0000
0.0473
0.0000
0.0000
0.0000
0.0000
0.0119
0.0000
0.0427
0.0149
0.0000
0.0601
0.0000
0.0000
0.0000
0.0075
0.0000
0.0000
0.0000
0.0000
0.0000
0.0911
0.0000
0.0273
0.0083
0.0346
0.0000
0.0000
0.0000
0.0000
0.0208
0.0000
0.0446
0.0000
0.0000
0.0544
0.0000
0.0033
0.0000
0.0000
0.0075
0.0000
0.0000
0.0078
0.0000
0.0000
0.0094
0.0000
0.0000
0.0091
0.0000
0.0023
0.0184
0.0229
0.0019
0.0000
0.0317
0.0000
0.0000
0.0122
0.0000
0.0000
0.0000
0.0755
0.0000
0.0000
0.0101
0.0000
0.0071
0.0000
0.0000
0.0327
0.0372
0.0000
0.0000
0.0491
0.0000
0.0000
0.0695
0.0089
0.1324
0.0000
0.0000
0.0000
0.0282
0.0000
0.0000
0.0000
0.0000
0.0133
0.0480
0.0000
0.0000
0.0000
0.0206
0.0000
0.0951
0.0015
0.0000
0.0000
0.0000
0.0000
0.0000
0.0177
0.0000
0.0143
0.0000
0.0000
0.0000
0.0136
0.0000
0.0000
0.0269
0.0590
0.0339
0.0145
0.0117
0.0301
0.0115
0.0505
0.0314
0.0475
0.0198
0.0584
0.0377
0.0453
0.0026
0.0398
0.0484
0.0675
0.0363
0.0370
0.0821
0.1368
0.0030
0.0429
0.0407
0.0367
0.0409
0.0613
0.0544
0.0653
0.0481
0.0690
0.0549
0.0300
0.0899
0.0570
0.0439
0.0198
0.0522
0.0465
0.0259
0.0235
0.0724
0.0252
0.0522
0.0000
0.0363
0.0254
0.0433
0.0081
0.0275
0.0523
0.1274
0.0077
0.0425
0.0299
0.0383
0.0495
0.0000
0.0246
0.0000
0.0801
0.0000
0.0495
0.0046
0.0213
0.0000
0.0660
0.0560
0.0491
0.0703
0.0815
0.0000
0.0420
0.0443
0.0726
0.1042
0.0454
0.0626
0.0203
0.0492
0.0096
0.0700
0.0350
0.0227
0.0029
0.0416
0.0803
0.0005
0.0240
0.0943
0.0603
0.0537
0.0237
0.0370
0.0585
0.0603
0.0522
0.0000
0.0527
0.0622
0.0259
0.0583
0.0374
0.0714
0.0487
0.0276
0.0258
0.0795
0.0202
0.0085
0.0799
0.0671
0.0566
0.0333
0.0017
0.0724
0.0749
0.0431
0.0348
0.0819
0.0133
0.0306
0.0073
0.0403
0.0167
0.0656
0.0160
0.0258
0.0269
0.0537
0.0856
0.0629
0.0160
0.0520
0.0414
0.0128
0.0278
0.0161
0.0406
0.0707
0.0646
0.0281
0.0457
0.0242
0.0046
0.0636
0.0000
0.0081
0.0381
0.0180
0.0632
0.0727
0.0556
0.0117
0.0549
0.0763
0.0627
0.0756
0.1350
0.0334
0.0744
0.0048
0.0763
0.0148
0.0551
0.0871
0.0373
0.0317
0.0534
0.0414
0.0072
0.0877
0.0283
0.0031
0.0901
0.0460
0.1067
0.0114
0.0668
0.0648
0.0629
0.0354
0.1028
0.0710
0.0313
0.0376
0.0592
0.0528
0.0250
0.0000
0.0000
0.0319
0.0055
0.0798
0.0680
0.0296
0.0444
0.0641
0.0000
0.0625
0.0572
0.0473
0.0000
0.0599
0.0588
0.0618
0.0356
0.0148
0.0206
0.0414
