21.000000000000007
0.1985
0.4116
0.3960
0.2263
0.0000
0.1076
0.1384
0.0648
0.0588
0.1763
0.0068
0.1385
0.0000
0.1137
0.0000
0.1527
0.0844
0.0000
0.1978
0.0000
0.0000
0.0000
0.0000
0.0000
0.0000
0.0000
0.0000
0.0000
0.0000
0.3253
0.0000
0.0000
0.1523
0.1688
0.0239
0.0000
0.0742
0.1892
0.2586
0.0395
0.0000
0.0694
0.1956
0.0000
0.0217
0.1256
0.0000
0.0000
0.0000
0.0000
0.0000
0.1511
0.0000
0.0000
0.3253
0.1452
0.0000
0.0000
0.1874
0.2679
0.1327
0.2744
0.0000
0.1225
0.0000
0.1350
0.0257
0.0000
0.0000
0.0000
0.0864
0.4669
0.1618
0.2062
0.0761
0.1815
0.3913
0.0000
0.0000
0.0000
0.2157
0.3314
0.0935
0.1334
0.0000
0.0000
0.0317
0.0000
0.0574
0.0864
0.0000
0.3253
0.0000
0.0000
0.0000
0.0000
0.1658
0.1438
0.0000
0.2957
0.2012
0.0000
0.0000
0.1171
0.0212
0.1024
0.3031
0.1043
0.0000
0.2005
0.0000
0.0749
0.0000
0.0000
0.0983
0.2244
0.0540
0.1010
0.2137
0.4021
0.1445
0.1667
0.1076
0.0000
0.0052
0.0307
0.0000
0.0000
0.0000
0.0902
0.0183
0.1727
0.0650
0.0983
0.2030
0.2723
0.0434
0.2286
0.0354
0.2197
0.1236
0.2066
0.0479
0.0000
0.2398
0.0000
0.3517
0.2193
0.2310
0.1677
0.1885
0.0077
0.1620
0.1602
0.2217
0.0000
0.0509
0.0971
0.0000
0.2145
0.2976
0.2552
0.1157
0.0000
0.1261
0.0714
0.1694
0.0223
0.1806
0.1420
0.1332
0.3133
0.3329
0.0140
0.0000
0.3166
0.2969
0.0000
0.1464
0.0909
0.1042
0.1924
0.0203
0.0000
0.1201
0.0284
0.1083
0.0350
0.0000
0.0000
0.0368
0.0547
0.0000
0.0000
0.0000
0.0000
0.2154
0.2019
0.1926
0.0000
0.1747
0.0000
0.0000
0.0214
0.0000
0.0000
0.1438
0.1814
0.0000
0.0000
